Wylosowana tablica liczb:
21 41 22 23 25 45 37 43 46 11 46 22 2 49 47 46 3 12 16 18 14 48 38 17 46 3 15 18 15 2 41 29 28 3 15 26 8 24 23 33 11 36 10 14 45 48 46 19 11 47 

Sortowanie babelkowe:
2 2 3 3 3 8 10 11 11 11 12 14 14 15 15 15 16 17 18 18 19 21 22 22 23 23 24 25 26 28 29 33 36 37 38 41 41 43 45 45 46 46 46 46 46 47 47 48 48 49 
Wykonano w: 0 dla 50 elementow


Sortowanie przez zliczanie:
2 2 3 3 3 8 10 11 11 11 12 14 14 15 15 15 16 17 18 18 19 21 22 22 23 23 24 25 26 28 29 33 36 37 38 41 41 43 45 45 46 46 46 46 46 47 47 48 48 49 
Wykonano w: 0 dla 50 elementow

